(i j)(Type)(id in table)(id in graph)(rotation) 
-------------------------------------------------
(0 0)(L)(0)(0)[0]:
        (4 0)(L)(80)(81)[1]
        (4 0)(L)(80)(82)[2]
        (0 1)(L)(4)(6)[2]
        (0 1)(L)(4)(7)[3]
(0 0)(L)(0)(1)[1]:
        (0 1)(L)(4)(6)[2]
        (0 1)(L)(4)(7)[3]
        (1 0)(T)(20)(21)[1]
        (1 0)(T)(20)(22)[2]
        (1 0)(T)(20)(23)[3]
(0 0)(L)(0)(2)[2]:
        (1 0)(T)(20)(21)[1]
        (1 0)(T)(20)(22)[2]
        (1 0)(T)(20)(23)[3]
        (0 4)(C)(16)(17)[1]
(0 0)(L)(0)(3)[3]:
        (4 0)(L)(80)(81)[1]
        (4 0)(L)(80)(82)[2]
        (0 4)(C)(16)(17)[1]
(0 1)(L)(4)(4)[0]:
        (4 1)(L)(84)(85)[1]
        (4 1)(L)(84)(86)[2]
        (0 2)(C)(8)(11)[3]
(0 1)(L)(4)(5)[1]:
        (0 2)(C)(8)(11)[3]
        (1 1)(T)(24)(25)[1]
        (1 1)(T)(24)(26)[2]
        (1 1)(T)(24)(27)[3]
(0 1)(L)(4)(6)[2]:
        (1 1)(T)(24)(25)[1]
        (1 1)(T)(24)(26)[2]
        (1 1)(T)(24)(27)[3]
        (0 1)(L)(4)(4)[0]
        (0 1)(L)(4)(5)[1]
(0 1)(L)(4)(7)[3]:
        (4 1)(L)(84)(85)[1]
        (4 1)(L)(84)(86)[2]
        (0 1)(L)(4)(4)[0]
        (0 1)(L)(4)(5)[1]
(0 2)(C)(8)(8)[0]:
(0 2)(C)(8)(9)[1]:
(0 2)(C)(8)(10)[2]:
(0 2)(C)(8)(11)[3]:
(0 3)(C)(12)(12)[0]:
(0 3)(C)(12)(13)[1]:
(0 3)(C)(12)(14)[2]:
(0 3)(C)(12)(15)[3]:
(0 4)(C)(16)(16)[0]:
(0 4)(C)(16)(17)[1]:
(0 4)(C)(16)(18)[2]:
(0 4)(C)(16)(19)[3]:
(1 0)(T)(20)(20)[0]:
        (1 1)(T)(24)(24)[0]
        (1 1)(T)(24)(25)[1]
        (1 1)(T)(24)(26)[2]
        (2 0)(T)(40)(41)[1]
        (2 0)(T)(40)(42)[2]
        (2 0)(T)(40)(43)[3]
        (1 4)(C)(36)(37)[1]
(1 0)(T)(20)(21)[1]:
        (0 0)(L)(0)(1)[1]
        (0 0)(L)(0)(2)[2]
        (2 0)(T)(40)(41)[1]
        (2 0)(T)(40)(42)[2]
        (2 0)(T)(40)(43)[3]
        (1 4)(C)(36)(37)[1]
(1 0)(T)(20)(22)[2]:
        (0 0)(L)(0)(1)[1]
        (0 0)(L)(0)(2)[2]
        (1 1)(T)(24)(24)[0]
        (1 1)(T)(24)(25)[1]
        (1 1)(T)(24)(26)[2]
        (1 4)(C)(36)(37)[1]
(1 0)(T)(20)(23)[3]:
        (0 0)(L)(0)(1)[1]
        (0 0)(L)(0)(2)[2]
        (1 1)(T)(24)(24)[0]
        (1 1)(T)(24)(25)[1]
        (1 1)(T)(24)(26)[2]
        (2 0)(T)(40)(41)[1]
        (2 0)(T)(40)(42)[2]
        (2 0)(T)(40)(43)[3]
(1 1)(T)(24)(24)[0]:
        (1 2)(I)(28)(29)[1]
        (1 2)(I)(28)(31)[3]
        (2 1)(T)(44)(45)[1]
        (2 1)(T)(44)(46)[2]
        (2 1)(T)(44)(47)[3]
        (1 1)(T)(24)(24)[0]
        (1 1)(T)(24)(26)[2]
        (1 1)(T)(24)(27)[3]
(1 1)(T)(24)(25)[1]:
        (0 1)(L)(4)(5)[1]
        (0 1)(L)(4)(6)[2]
        (2 1)(T)(44)(45)[1]
        (2 1)(T)(44)(46)[2]
        (2 1)(T)(44)(47)[3]
        (1 1)(T)(24)(24)[0]
        (1 1)(T)(24)(26)[2]
        (1 1)(T)(24)(27)[3]
(1 1)(T)(24)(26)[2]:
        (0 1)(L)(4)(5)[1]
        (0 1)(L)(4)(6)[2]
        (1 2)(I)(28)(29)[1]
        (1 2)(I)(28)(31)[3]
        (1 1)(T)(24)(24)[0]
        (1 1)(T)(24)(26)[2]
        (1 1)(T)(24)(27)[3]
(1 1)(T)(24)(27)[3]:
        (0 1)(L)(4)(5)[1]
        (0 1)(L)(4)(6)[2]
        (1 2)(I)(28)(29)[1]
        (1 2)(I)(28)(31)[3]
        (2 1)(T)(44)(45)[1]
        (2 1)(T)(44)(46)[2]
        (2 1)(T)(44)(47)[3]
(1 2)(I)(28)(28)[0]:
        (0 2)(C)(8)(10)[2]
        (2 2)(S)(48)(49)[1]
        (2 2)(S)(48)(50)[2]
        (2 2)(S)(48)(51)[3]
(1 2)(I)(28)(29)[1]:
        (1 3)(C)(32)(35)[3]
        (1 1)(T)(24)(24)[0]
        (1 1)(T)(24)(26)[2]
        (1 1)(T)(24)(27)[3]
(1 2)(I)(28)(30)[2]:
        (0 2)(C)(8)(10)[2]
        (2 2)(S)(48)(49)[1]
        (2 2)(S)(48)(50)[2]
        (2 2)(S)(48)(51)[3]
(1 2)(I)(28)(31)[3]:
        (1 3)(C)(32)(35)[3]
        (1 1)(T)(24)(24)[0]
        (1 1)(T)(24)(26)[2]
        (1 1)(T)(24)(27)[3]
(1 3)(C)(32)(32)[0]:
(1 3)(C)(32)(33)[1]:
(1 3)(C)(32)(34)[2]:
(1 3)(C)(32)(35)[3]:
(1 4)(C)(36)(36)[0]:
(1 4)(C)(36)(37)[1]:
(1 4)(C)(36)(38)[2]:
(1 4)(C)(36)(39)[3]:
(2 0)(T)(40)(40)[0]:
        (2 1)(T)(44)(44)[0]
        (2 1)(T)(44)(45)[1]
        (2 1)(T)(44)(46)[2]
        (3 1)(I)(64)(64)[0]
        (3 1)(I)(64)(66)[2]
        (2 1)(T)(44)(44)[0]
        (2 1)(T)(44)(45)[1]
(2 0)(T)(40)(41)[1]:
        (1 1)(T)(24)(24)[0]
        (1 1)(T)(24)(25)[1]
        (1 1)(T)(24)(27)[3]
        (3 1)(I)(64)(64)[0]
        (3 1)(I)(64)(66)[2]
        (2 1)(T)(44)(44)[0]
        (2 1)(T)(44)(45)[1]
(2 0)(T)(40)(42)[2]:
        (1 1)(T)(24)(24)[0]
        (1 1)(T)(24)(25)[1]
        (1 1)(T)(24)(27)[3]
        (2 1)(T)(44)(44)[0]
        (2 1)(T)(44)(45)[1]
        (2 1)(T)(44)(46)[2]
        (2 1)(T)(44)(44)[0]
        (2 1)(T)(44)(45)[1]
(2 0)(T)(40)(43)[3]:
        (1 1)(T)(24)(24)[0]
        (1 1)(T)(24)(25)[1]
        (1 1)(T)(24)(27)[3]
        (2 1)(T)(44)(44)[0]
        (2 1)(T)(44)(45)[1]
        (2 1)(T)(44)(46)[2]
        (3 1)(I)(64)(64)[0]
        (3 1)(I)(64)(66)[2]
(2 1)(T)(44)(44)[0]:
        (2 1)(T)(44)(44)[0]
        (2 1)(T)(44)(45)[1]
        (2 1)(T)(44)(46)[2]
        (3 1)(I)(64)(64)[0]
        (3 1)(I)(64)(66)[2]
        (2 1)(T)(44)(44)[0]
        (2 1)(T)(44)(46)[2]
        (2 1)(T)(44)(47)[3]
(2 1)(T)(44)(45)[1]:
        (1 1)(T)(24)(24)[0]
        (1 1)(T)(24)(25)[1]
        (1 1)(T)(24)(27)[3]
        (3 1)(I)(64)(64)[0]
        (3 1)(I)(64)(66)[2]
        (2 1)(T)(44)(44)[0]
        (2 1)(T)(44)(46)[2]
        (2 1)(T)(44)(47)[3]
(2 1)(T)(44)(46)[2]:
        (1 1)(T)(24)(24)[0]
        (1 1)(T)(24)(25)[1]
        (1 1)(T)(24)(27)[3]
        (2 1)(T)(44)(44)[0]
        (2 1)(T)(44)(45)[1]
        (2 1)(T)(44)(46)[2]
        (2 1)(T)(44)(44)[0]
        (2 1)(T)(44)(46)[2]
        (2 1)(T)(44)(47)[3]
(2 1)(T)(44)(47)[3]:
        (1 1)(T)(24)(24)[0]
        (1 1)(T)(24)(25)[1]
        (1 1)(T)(24)(27)[3]
        (2 1)(T)(44)(44)[0]
        (2 1)(T)(44)(45)[1]
        (2 1)(T)(44)(46)[2]
        (3 1)(I)(64)(64)[0]
        (3 1)(I)(64)(66)[2]
(2 2)(S)(48)(48)[0]:
        (2 3)(I)(52)(53)[1]
        (2 3)(I)(52)(55)[3]
        (3 1)(I)(64)(64)[0]
        (3 1)(I)(64)(67)[3]
        (2 1)(T)(44)(44)[0]
        (2 1)(T)(44)(46)[2]
        (2 1)(T)(44)(47)[3]
(2 2)(S)(48)(49)[1]:
        (1 1)(T)(24)(24)[0]
        (1 1)(T)(24)(26)[2]
        (3 1)(I)(64)(64)[0]
        (3 1)(I)(64)(67)[3]
        (2 1)(T)(44)(44)[0]
        (2 1)(T)(44)(46)[2]
        (2 1)(T)(44)(47)[3]
(2 2)(S)(48)(50)[2]:
        (1 1)(T)(24)(24)[0]
        (1 1)(T)(24)(26)[2]
        (2 3)(I)(52)(53)[1]
        (2 3)(I)(52)(55)[3]
        (2 1)(T)(44)(44)[0]
        (2 1)(T)(44)(46)[2]
        (2 1)(T)(44)(47)[3]
(2 2)(S)(48)(51)[3]:
        (1 1)(T)(24)(24)[0]
        (1 1)(T)(24)(26)[2]
        (2 3)(I)(52)(53)[1]
        (2 3)(I)(52)(55)[3]
        (3 1)(I)(64)(64)[0]
        (3 1)(I)(64)(67)[3]
(2 3)(I)(52)(52)[0]:
        (1 3)(C)(32)(34)[2]
        (3 1)(I)(64)(64)[0]
        (3 1)(I)(64)(66)[2]
(2 3)(I)(52)(53)[1]:
        (2 4)(L)(56)(58)[2]
        (2 4)(L)(56)(59)[3]
        (2 1)(T)(44)(44)[0]
        (2 1)(T)(44)(46)[2]
        (2 1)(T)(44)(47)[3]
(2 3)(I)(52)(54)[2]:
        (1 3)(C)(32)(34)[2]
        (3 1)(I)(64)(64)[0]
        (3 1)(I)(64)(66)[2]
(2 3)(I)(52)(55)[3]:
        (2 4)(L)(56)(58)[2]
        (2 4)(L)(56)(59)[3]
        (2 1)(T)(44)(44)[0]
        (2 1)(T)(44)(46)[2]
        (2 1)(T)(44)(47)[3]
(2 4)(L)(56)(56)[0]:
        (1 4)(C)(36)(38)[2]
        (2 1)(T)(44)(44)[0]
        (2 1)(T)(44)(45)[1]
        (2 1)(T)(44)(46)[2]
(2 4)(L)(56)(57)[1]:
        (2 1)(T)(44)(44)[0]
        (2 1)(T)(44)(45)[1]
        (2 1)(T)(44)(46)[2]
        (3 1)(I)(64)(64)[0]
(2 4)(L)(56)(58)[2]:
        (3 1)(I)(64)(64)[0]
        (2 3)(I)(52)(53)[1]
        (2 3)(I)(52)(55)[3]
(2 4)(L)(56)(59)[3]:
        (1 4)(C)(36)(38)[2]
        (2 3)(I)(52)(53)[1]
        (2 3)(I)(52)(55)[3]
(3 0)(I)(60)(60)[0]:
        (2 1)(T)(44)(44)[0]
        (2 1)(T)(44)(45)[1]
        (2 1)(T)(44)(47)[3]
        (4 1)(L)(84)(84)[0]
        (4 1)(L)(84)(87)[3]
(3 0)(I)(60)(61)[1]:
        (3 1)(I)(64)(65)[1]
        (3 1)(I)(64)(67)[3]
        (3 4)(C)(76)(77)[1]
(3 0)(I)(60)(62)[2]:
        (2 1)(T)(44)(44)[0]
        (2 1)(T)(44)(45)[1]
        (2 1)(T)(44)(47)[3]
        (4 1)(L)(84)(84)[0]
        (4 1)(L)(84)(87)[3]
(3 0)(I)(60)(63)[3]:
        (3 1)(I)(64)(65)[1]
        (3 1)(I)(64)(67)[3]
        (3 4)(C)(76)(77)[1]
(3 1)(I)(64)(64)[0]:
        (2 1)(T)(44)(44)[0]
        (2 1)(T)(44)(45)[1]
        (2 1)(T)(44)(47)[3]
        (4 1)(L)(84)(84)[0]
        (4 1)(L)(84)(87)[3]
(3 1)(I)(64)(65)[1]:
        (3 2)(L)(68)(70)[2]
        (3 2)(L)(68)(71)[3]
        (3 0)(I)(60)(61)[1]
        (3 0)(I)(60)(63)[3]
(3 1)(I)(64)(66)[2]:
        (2 1)(T)(44)(44)[0]
        (2 1)(T)(44)(45)[1]
        (2 1)(T)(44)(47)[3]
        (4 1)(L)(84)(84)[0]
        (4 1)(L)(84)(87)[3]
(3 1)(I)(64)(67)[3]:
        (3 2)(L)(68)(70)[2]
        (3 2)(L)(68)(71)[3]
        (3 0)(I)(60)(61)[1]
        (3 0)(I)(60)(63)[3]
(3 2)(L)(68)(68)[0]:
        (2 1)(T)(44)(44)[0]
        (2 1)(T)(44)(45)[1]
        (2 1)(T)(44)(47)[3]
        (3 3)(I)(72)(73)[1]
        (3 3)(I)(72)(75)[3]
(3 2)(L)(68)(69)[1]:
        (3 3)(I)(72)(73)[1]
        (3 3)(I)(72)(75)[3]
        (4 1)(L)(84)(84)[0]
        (4 1)(L)(84)(86)[2]
(3 2)(L)(68)(70)[2]:
        (4 1)(L)(84)(84)[0]
        (4 1)(L)(84)(86)[2]
        (3 1)(I)(64)(65)[1]
        (3 1)(I)(64)(67)[3]
(3 2)(L)(68)(71)[3]:
        (2 1)(T)(44)(44)[0]
        (2 1)(T)(44)(45)[1]
        (2 1)(T)(44)(47)[3]
        (3 1)(I)(64)(65)[1]
        (3 1)(I)(64)(67)[3]
(3 3)(I)(72)(72)[0]:
        (2 1)(T)(44)(44)[0]
        (2 1)(T)(44)(46)[2]
        (4 1)(L)(84)(84)[0]
        (4 1)(L)(84)(87)[3]
(3 3)(I)(72)(73)[1]:
        (3 4)(C)(76)(79)[3]
        (3 1)(I)(64)(64)[0]
        (3 1)(I)(64)(65)[1]
(3 3)(I)(72)(74)[2]:
        (2 1)(T)(44)(44)[0]
        (2 1)(T)(44)(46)[2]
        (4 1)(L)(84)(84)[0]
        (4 1)(L)(84)(87)[3]
(3 3)(I)(72)(75)[3]:
        (3 4)(C)(76)(79)[3]
        (3 1)(I)(64)(64)[0]
        (3 1)(I)(64)(65)[1]
(3 4)(C)(76)(76)[0]:
(3 4)(C)(76)(77)[1]:
(3 4)(C)(76)(78)[2]:
(3 4)(C)(76)(79)[3]:
(4 0)(L)(80)(80)[0]:
        (3 1)(I)(64)(64)[0]
        (3 1)(I)(64)(66)[2]
        (4 1)(L)(84)(86)[2]
        (4 1)(L)(84)(87)[3]
(4 0)(L)(80)(81)[1]:
        (4 1)(L)(84)(86)[2]
        (4 1)(L)(84)(87)[3]
        (0 1)(L)(4)(4)[0]
        (0 1)(L)(4)(7)[3]
(4 0)(L)(80)(82)[2]:
        (0 1)(L)(4)(4)[0]
        (0 1)(L)(4)(7)[3]
        (4 4)(C)(96)(97)[1]
(4 0)(L)(80)(83)[3]:
        (3 1)(I)(64)(64)[0]
        (3 1)(I)(64)(66)[2]
        (4 4)(C)(96)(97)[1]
(4 1)(L)(84)(84)[0]:
        (3 1)(I)(64)(64)[0]
        (3 1)(I)(64)(66)[2]
        (4 2)(I)(88)(89)[1]
        (4 2)(I)(88)(91)[3]
(4 1)(L)(84)(85)[1]:
        (4 2)(I)(88)(89)[1]
        (4 2)(I)(88)(91)[3]
        (0 1)(L)(4)(4)[0]
        (0 1)(L)(4)(7)[3]
(4 1)(L)(84)(86)[2]:
        (0 1)(L)(4)(4)[0]
        (0 1)(L)(4)(7)[3]
        (4 1)(L)(84)(84)[0]
        (4 1)(L)(84)(85)[1]
(4 1)(L)(84)(87)[3]:
        (3 1)(I)(64)(64)[0]
        (3 1)(I)(64)(66)[2]
        (4 1)(L)(84)(84)[0]
        (4 1)(L)(84)(85)[1]
(4 2)(I)(88)(88)[0]:
        (3 2)(L)(68)(69)[1]
        (3 2)(L)(68)(70)[2]
        (0 1)(L)(4)(4)[0]
(4 2)(I)(88)(89)[1]:
        (4 3)(L)(92)(94)[2]
        (4 3)(L)(92)(95)[3]
        (4 1)(L)(84)(84)[0]
        (4 1)(L)(84)(85)[1]
(4 2)(I)(88)(90)[2]:
        (3 2)(L)(68)(69)[1]
        (3 2)(L)(68)(70)[2]
        (0 1)(L)(4)(4)[0]
(4 2)(I)(88)(91)[3]:
        (4 3)(L)(92)(94)[2]
        (4 3)(L)(92)(95)[3]
        (4 1)(L)(84)(84)[0]
        (4 1)(L)(84)(85)[1]
(4 3)(L)(92)(92)[0]:
        (3 1)(I)(64)(64)[0]
        (3 1)(I)(64)(66)[2]
        (4 4)(C)(96)(99)[3]
(4 3)(L)(92)(93)[1]:
        (4 4)(C)(96)(99)[3]
        (0 1)(L)(4)(4)[0]
(4 3)(L)(92)(94)[2]:
        (0 1)(L)(4)(4)[0]
        (4 2)(I)(88)(89)[1]
        (4 2)(I)(88)(91)[3]
(4 3)(L)(92)(95)[3]:
        (3 1)(I)(64)(64)[0]
        (3 1)(I)(64)(66)[2]
        (4 2)(I)(88)(89)[1]
        (4 2)(I)(88)(91)[3]
(4 4)(C)(96)(96)[0]:
(4 4)(C)(96)(97)[1]:
(4 4)(C)(96)(98)[2]: